1 1285.34 0.258545 1184.76 92.7662 914.676 0.132443 
2 1324.64 0.117399 1028.54 0.102952 956.031 0.0987506 
3 1324.27 0.227902 1023.28 0.13041 951.004 0.304928 
4 1322.95 0.123956 1026.38 0.0969356 954.201 0.113294 
5 1338.52 0.145852 1039.25 0.105858 965.642 0.10027 
6 1337.58 0.124584 1040.95 0.101162 968.377 0.0953582 
7 1312.77 0.130647 1013.33 0.0951107 939.777 0.105284 
8 1314.12 0.12584 1020.23 0.0875822 947.519 0.104568 
9 1353.06 0.150254 1053.11 0.102163 978.753 0.108267 
10 1344.43 0.126702 1050.66 0.0933074 978.436 0.0948653 
11 1344.46 0.151649 1044.32 0.102727 970.088 0.100913 
12 1315.98 0.125059 1025.07 0.0972144 954.334 0.103107 
13 1353.37 0.118365 1053.79 0.0989816 979.964 0.111414 
14 1366.83 0.133622 1073.49 0.097122 1001.52 0.0969785 
15 1340.07 0.156219 1041.72 0.107963 968.551 0.106695 
16 1337.59 0.115626 1044.07 0.0960943 971.915 0.101252 
17 1294.32 0.286666 997.883 0.122557 925.022 0.118927
18 1342.96 0.125687 1049.65 0.100038 977.556 0.0943284 
19 1383.19 0.290048 1082.09 0.123054 1008.83 0.113922 
20 1343.58 0.145193 1049.73 0.0981427 977.526 0.0964125 
21 1339.54 0.209623 1040.57 0.123442 966.709 0.109229 
22 1332.93 0.140235 1038.63 0.110778 966.586 0.101199 
23 1371.09 0.232613 1069.86 0.123408 996.194 0.118038 
24 1362.97 0.132036 1068.53 0.103595 996.085 0.0959765 
25 1372.38 0.194134 1072.17 0.130738 998.101 0.11883 
26 1374.81 0.138441 1080.73 0.101955 1008.54 0.093423 
27 1369.49 0.190978 1068.77 0.119673 994.642 0.110861 
28 1334.52 0.130063 1041.86 0.10623 970.065 0.0998822 
29 1359.87 0.180161 1060.65 0.102126 986.533 0.100697 
30 1363.78 0.156047 1070.34 0.105084 998.108 0.107208 
31 1345.35 0.209839 1044.98 0.124801 971.377 0.120764 
32 1361.29 0.145778 1066.23 0.11738 993.581 0.127324 
33 1296.5 0.256008 1001.53 0.102528 928.706 0.111852
34 0 0 0 0 0 0 
35 1337.68 0.132225 1038.24 0.0915205 965.176 0.0969522 
36 1290.76 0.129222 1004.61 0.0967701 934.607 0.0901136 
37 1326.38 0.186672 1027.3 0.107541 954.412 0.11175 
38 1295.7 0.124982 1008.3 0.104001 938.201 0.0913655
39 1366.82 0.18587 1068.09 0.107816 994.576 0.10169 
40 1291.28 0.127974 1010.88 45.3952 935.31 0.0899309 
41 1369.89 0.165818 1068.93 0.101708 995.147 0.098728 
42 1316.85 0.101773 1030.09 0.0883865 960.362 0.0897319 
43 1364.57 0.166916 1065.71 0.103589 992.902 0.0954469 
44 1338.25 0.129932 1050.5 0.0989857 980.204 0.0864321 
45 1353.5 0.168587 1054.03 0.100033 980.949 0.107288 
46 1324.52 0.1178 1037.14 0.0931789 966.554 0.0926131 
47 1372.23 0.161097 1072.48 0.0994744 998.775 0.104358 
48 1331.06 0.114646 1042.72 0.0880856 971.798 0.0996142 
49 1365.37 0.167509 1063.01 0.108475 989.601 0.0934022 
50 1300.5 0.108356 1012.99 0.0849635 942.321 0.0973488 
51 1370.28 0.160515 1070.81 0.102416 997.901 0.0950254 
52 1329.46 0.114667 1042.13 0.092333 971.592 0.103273 
53 1374.85 0.17994 1071.34 0.111072 997.258 0.106038 
54 1346.7 0.119087 1057.84 0.0898898 986.704 0.102409 
55 1350 0.133574 1047.33 0.105722 973.252 0.0953158 
56 0 0 0 0 0 0 
57 1356.26 0.140685 1053.4 0.0973563 979.212 0.115569 
58 1345.42 0.120122 1057.27 0.0943016 985.991 0.0978422 
59 1410.06 0.161225 1105.1 0.111515 1030.49 0.110568 
60 1297.6 0.116633 1009.62 0.0925161 938.869 0.0977184 
61 1377.36 0.163632 1073.6 0.106253 998.926 0.108675 
62 1316.98 0.115975 1027.16 0.101778 956.449 0.122666 
63 1372.52 0.209891 1067.76 0.133694 992.908 0.115346 
64 1354.2 0.1472 1065.34 0.112637 994.331 0.109886 
65 1337.37 0.180345 1032.72 0.116054 958.512 0.117648 
66 1300.93 0.11792 1007.02 0.0900969 934.734 0.0912019 
67 1344.36 0.149239 1037.49 0.105925 962.443 0.092792 
68 1325.37 0.111132 1028.4 0.0975869 955.727 0.0919321 
69 1347.1 0.148273 1038.48 0.115376 963.485 0.105318 
70 1341.31 0.110053 1043.16 0.0914404 969.778 0.0894365 
71 0 0 0 0 0 0 
72 1345.46 0.115596 1047.52 0.0973643 974.28 0.0887335 
73 1375.24 0.187895 1067.33 0.12369 992.578 0.103545 
74 1372.16 0.108407 1072.87 0.0929695 999.377 0.0998254 
75 1377.1 0.162378 1070.97 0.109164 996.4 0.0966569 
76 1432.51 0.118342 1132.49 0.0929475 1058.65 0.0981486 
77 1353.98 0.166157 1047.42 0.109332 972.972 0.101233 
78 1345.89 0.120851 1050.46 0.0900644 978.071 0.0922857 
79 1349.82 0.135779 1042.69 0.106338 967.723 0.105371 
80 1363.16 0.128734 1068.59 0.0853891 996.406 0.0855743 
81 1344.54 0.161952 1038.19 0.114401 963.574 0.102651 
82 1326.2 0.114081 1029.19 0.0947894 956.296 0.0890169 
83 1352.53 0.172115 1049.48 0.100776 975.729 0.124763 
84 1364.71 0.120165 1066.25 0.0926134 993.382 0.0903713 
85 1349.51 0.123376 1042.93 0.103652 967.806 0.100043 
86 0 0 0 0 0 0 
87 1381.71 0.133647 1073.96 0.0994088 998.768 0.0987592 
88 1335.77 0.130642 1037.41 0.0938266 964.434 0.0947078 
89 1345.71 0.146599 1040.11 0.118193 965.398 0.0967632 
90 1354.93 0.117514 1056.71 0.0929365 983.316 0.100578 
91 1372.24 0.17872 1064.32 0.108277 988.59 0.110231 
92 1359.71 0.128994 1062.99 0.0970116 990.228 0.0920155 
93 1373.93 0.172462 1065.79 0.103596 990.559 0.107532 
94 1401.37 0.126948 1100.95 0.0995914 1026.76 0.0979634 
95 1325.93 0.171172 1024.12 0.108114 950.319 0.403407 
96 1339.27 0.15608 1042.69 0.119096 969.968 0.105758 
97 1315.93 0.201211 1018.42 0.112611 945.098 0.117097 
98 1341.35 0.0992485 1049.95 0.0846614 978.577 0.0883313 
99 1326.95 0.12391 1030.69 0.0907321 957.947 0.0833553 
100 1292.96 0.105579 1003.29 0.0906506 932.501 0.0848396 
101 1299.8 0.413757 1003.15 0.0939436 930.456 0.0922309 
102 1294.04 0.113288 1004.84 0.0890253 934.032 0.0902944 
103 1330.77 0.115047 1031.31 0.0900369 958.081 0.0827819 
104 1288.07 0.104898 1000.27 0.0875408 929.919 0.0847442 
105 1348.48 0.13917 1049.74 0.0851508 976.663 0.0849442 
106 1325.01 0.114116 1035.18 0.0978575 964.559 0.0936908 
107 1362.8 1.09996 1067.08 0.693927 988.961 1.29531 
108 1337.1 0.124201 1050.35 0.103295 980.263 0.101894 
109 1333.38 0.147633 1037.9 0.105158 965.657 0.104013 
110 1320.79 0.125852 1033.83 0.0971775 963.441 0.127447 
111 0 0 0 0 0 0 
112 1336.94 0.118167 1048.95 0.0948519 978.548 0.104449 
113 1319.56 0.185357 1024.14 0.114027 952.476 0.155998 
114 1316.16 0.127415 1029.4 0.104824 959.479 0.103705 
115 1309.14 0.126539 1016.45 0.0916313 944.297 0.105089 
116 1316.62 0.118647 1027.77 0.119718 957.101 0.0968936 
117 1375.71 0.192278 1076.09 0.136248 1002.37 0.131364 
118 1311.37 0.11869 1025.06 0.0922829 955.425 0.0934106 
119 1368.79 0.137675 1068.23 0.0967041 994.568 0.0978388 
120 1326.31 0.117657 1036.16 0.0909436 965.289 0.0972023 
121 1330.8 0.142091 1031.25 0.100709 957.613 0.0972448 
122 1326.66 0.112182 1037.57 0.0960833 967.287 0.0985085 
123 1341.92 0.147817 1041.92 0.0930862 968.589 0.0892585 
124 1328.47 0.114179 1038.68 0.105627 968.347 0.0897285 
125 1358.17 0.222103 1055.82 0.149463 981.467 0.119236 
126 1331.06 0.168521 1043.75 0.14843 973.575 0.131336 
127 1391.89 0.197706 1090.03 0.120416 1016.47 0.111923 
128 1319.53 0.303963 1029.83 0.182475 959.082 0.190003 
