1 1384.59 0.210811 1103.34 0.17111 1034.54 0.150997 
2 1372.81 0.118478 1093.51 0.0978889 1025.2 0.092485 
3 1369.54 0.104809 1090.69 0.0874582 1022.41 0.0835318 
4 1376.83 0.125308 1097.94 0.0940373 1029.36 0.0966893 
5 1371.87 0.110448 1092.35 0.0813179 1023.62 0.0965378 
6 1342.55 0.125596 1065.45 0.093038 997.949 0.646781 
7 1389.03 0.107363 1111.33 0.0927755 1043.41 0.0852762 
8 1374.67 0.123852 1095.52 0.106708 1026.5 0.0960382 
9 1388.75 0.113142 1110.33 0.086153 1042.29 0.0840703 
10 1371.96 0.115421 1093.05 0.102051 1024.76 0.0898871 
11 1368.14 0.10488 1089.15 0.0884919 1021.1 0.0826907 
12 1346.08 0.124715 1070.16 0.0926131 1003.32 0.227901 
13 1380.26 0.107202 1100.53 0.0865888 1032.21 0.0841723 
14 1364.92 0.117268 1085.05 0.0983304 1016.8 0.0998796 
15 1379.84 0.126854 1100.96 0.0879427 1032.8 0.0828277 
16 1305.7 0.143 1042.32 0.118 977.769 0.114 
17 1316.02 0.198 1053.03 0.118 988.452 0.108 
18 1344.75 0.124932 1066.09 0.102716 999.951 0.943786 
19 1385.04 0.100826 1106.25 0.0898414 1038.01 0.0908027 
20 1378.17 0.127632 1098.2 0.0970979 1029.2 0.0975186 
21 1372.98 0.114548 1093.5 0.0885575 1024.93 0.0825849 
22 1369.24 0.1171 1089.06 0.10093 1020.57 0.0917171 
23 1385.11 0.107754 1106.6 0.0921225 1038.12 0.09066 
24 1359.41 0.129525 1078.83 0.0993849 1009.84 0.0944873 
25 1368.99 0.110104 1090.02 0.0960198 1021.76 0.0896533 
26 1359.78 0.14079 1079.52 0.112747 1010.92 0.101874 
27 1384.83 0.121361 1104.68 0.0953068 1036.31 0.0950188 
28 0 0 0 0 0 0 
29 1394.43 0.138262 1112.96 0.109383 1044.35 0.103154 
30 1373.61 0.118205 1092.94 0.107124 1024.26 0.0956543 
31 1394.74 0.127834 1114.1 0.0944732 1045.34 0.0956062 
32 1380.61 0.159713 1100.99 0.131167 1032.87 0.115803 
33 1385.66 0.154931 1101.75 0.109809 1032.82 0.110426 
34 1364.1 0.116525 1085.84 0.0868287 1017.92 0.0860977 
35 1390.29 0.107061 1107.41 0.096323 1037.84 0.0915659 
36 1357.48 0.10894 1080.47 0.0856673 1012.51 0.0857708 
37 1378.76 0.132727 1095.93 0.0868785 1026.05 0.0805819 
38 1365.35 0.114832 1087.44 0.0925149 1019.65 0.0907111 
39 1390.54 0.116174 1107.37 0.10144 1037.75 0.086771 
40 1361.69 0.108708 1083.98 0.0860443 1015.97 0.0862738 
41 1386.83 0.154473 1106.03 0.0899392 1036.97 0.0838395 
42 1352.03 0.112501 1074.97 0.0909696 1007.63 0.0871772 
43 1393.36 0.130204 1110.68 0.0894083 1041.2 0.0922893 
44 1362 0.105289 1083.66 0.0961733 1015.48 0.095879 
45 1388.21 0.114984 1105.76 0.0934599 1036.61 0.0869543 
46 1353.01 0.105213 1075.36 0.0992871 1007.88 0.0789202 
47 1388.21 0.116418 1106.41 0.0919781 1037.27 0.0872825 
48 1354.36 0.113761 1078.67 0.0886745 1011.13 0.0916202 
49 1385.66 0.118009 1103.62 0.107507 1034.29 0.0871013 
50 1361.79 0.110545 1084.78 0.085332 1016.92 0.0847221 
51 1395.02 0.121862 1112.66 0.0870403 1043.25 0.0976308 
52 1383.54 0.137251 1103.65 0.0960478 1034.71 0.0928428 
53 1375.78 0.179374 1096.83 0.089577 1028.26 0.0815547 
54 1377.27 0.116706 1097.11 0.0888473 1028.14 0.0885338 
55 1387.08 0.12833 1104.41 0.089374 1034.74 0.0949795 
56 1380.08 0.126337 1099.9 0.093256 1030.8 0.0979035 
57 1397.93 0.137188 1115.41 0.0969886 1045.88 0.0872799 
58 1382.88 0.125708 1101.1 0.0906511 1032.02 0.0885213 
59 1386.8 0.12972 1104.06 0.0987458 1034.45 0.0959289 
60 1388.78 0.113374 1106.07 0.0908032 1036.9 0.0938415 
61 1394.33 0.140131 1111.4 0.0979137 1041.86 0.0969704 
62 1358.87 0.128323 1077.93 0.0905095 1009.03 0.0948861 
63 1384.33 0.160374 1101.35 0.0949668 1031.88 0.109224 
64 1388.56 0.154827 1106.03 0.129004 1037.49 0.126886 
65 1371.32 0.195562 1086.23 0.123487 1016.96 0.123545 
66 1375.11 0.153885 1089.43 0.105146 1018.56 0.101389 
67 1398.03 0.104669 1113.02 0.0961846 1043.47 0.0868816 
68 1388.31 0.130868 1100.52 0.116358 1029.79 0.10471 
69 1399.76 0.130669 1114.55 0.103063 1044.68 0.0801211 
70 1405.13 0.150404 1118.46 0.113107 1048.23 0.105947 
71 1390.83 0.126913 1106.21 0.0875199 1036.18 0.0914183 
72 1386.51 0.159418 1101.28 0.106855 1031.05 0.109462 
73 1401.72 0.123135 1116.6 0.0971262 1046.53 0.0886867 
74 1378.57 0.136798 1092.38 0.106065 1021.52 0.106913 
75 1407.35 0.133653 1121.12 0.0914666 1051 0.109448 
76 1391.9 0.180454 1104.4 0.106953 1033.47 0.105506 
77 1398.29 0.112932 1112.25 0.0979442 1042.42 0.0927586 
78 1395.4 0.142622 1109.77 0.0985088 1039.55 0.134113 
79 1395.78 0.126453 1110.88 0.0901158 1041.63 0.0881716 
80 1379.14 0.140187 1096.01 0.101674 1025.96 0.107207 
81 1393.24 0.108207 1110.04 0.0827505 1040.9 0.0958509 
82 1368.49 0.129166 1085.38 0.110634 1015.36 0.111164 
83 1387.71 0.152092 1104.95 0.0968278 1035.43 0.10134 
84 1388.18 0.146157 1100.86 0.110489 1030.43 0.10087 
85 0 0 0 0 0 0 
86 0 0 0 0 0 0 
87 1393.53 0.120267 1107.48 0.0943592 1037.23 0.0955577 
88 1385.99 0.139915 1100.63 0.115106 1030.14 0.105411 
89 1406.37 0.12237 1120.2 0.0910189 1049.36 0.0946436 
90 1398.79 0.127111 1112.94 0.107965 1042.86 0.113237 
91 1400.39 0.125201 1114.07 0.09792 1044.48 0.0767736 
92 1392.63 0.135203 1107.13 0.106547 1036.66 0.101714 
93 1413.06 0.107951 1126.04 0.0867862 1056.18 0.102119 
94 1402.58 0.136044 1115.85 0.144189 1045.45 0.0967046 
95 1405.31 0.125733 1117.45 0.104296 1046.7 0.0941508 
96 1410.89 0.176283 1124.8 0.126136 1055.17 0.159038 
97 1388.31 11.5215 1103.39 0.615944 1034.12 0.519623 
98 1401.34 0.135549 1113.67 0.116288 1043.18 0.116316 
99 1388.96 0.134427 1106.86 0.0955545 1037.56 0.0878705 
100 1409.82 0.134203 1120.8 0.1141 1049.59 0.109224 
101 1395.66 0.13196 1112.74 0.085213 1042.8 0.0929928 
102 1405.85 0.141333 1117.51 0.116658 1046.57 0.102158 
103 1392.91 0.113903 1109.84 0.0968758 1040.64 0.0848178 
104 1383.51 0.146472 1097.3 0.109726 1027.42 0.10871 
105 1380.52 0.109225 1098.71 0.0898098 1029.4 0.0855728 
106 1402.93 0.165322 1114.44 0.119029 1043.85 0.121402 
107 1396.55 0.11189 1114.03 0.0866429 1044.95 0.0891762 
108 1390.9 0.15609 1102.28 0.110253 1031.58 0.114877 
109 1391.4 0.715037 1109.77 0.868724 1038.38 0.748031 
110 1400.6 0.141647 1112.39 0.113751 1042 0.107607 
111 1391.57 0.117973 1109.35 0.0869575 1040.3 0.0884932 
112 1381.35 0.118218 1094.91 0.102659 1024.93 0.0968282 
113 1399.43 0.127899 1117.99 0.0833297 1049.11 0.086936 
114 1391.99 0.131256 1105.22 0.105025 1034.64 0.123849 
115 1406.74 0.106657 1124.26 0.0943278 1055.04 0.0863979 
116 1388.38 0.135545 1100.03 0.175386 1029.11 0.098552 
117 1411.2 0.111887 1127.54 0.107269 1057.65 0.0908673 
118 1395.94 0.151262 1107.39 0.116312 1036.4 0.113307 
119 1402.94 0.112433 1119.45 0.093159 1050.24 0.0889236 
120 1388.6 0.130823 1098.74 0.126933 1027.69 0.111326 
121 1394.27 0.121758 1111.91 0.084398 1042.08 0.0956844 
122 1408.51 0.14589 1118.68 0.122583 1047.45 0.116189 
123 1401.83 0.113683 1118.72 0.0867849 1049.19 0.0895184 
124 1393.89 0.144588 1104.55 0.109141 1033.22 0.118426 
125 1398.58 0.121022 1116.57 0.0851991 1047.25 0.0941107 
126 1393.11 0.139695 1103.39 0.12406 1032.4 0.111768 
127 1397.48 0.122783 1114.88 0.0902784 1045.85 0.0922923 
128 1407.14 0.25032 1119.11 0.189066 1048.1 0.190535 
