0 0 5.1075 0
0 1 5.11018 0
0 2 4.9903 0
0 3 5.13647 0
0 4 5.08527 0
0 5 5.09977 0
0 6 4.94867 0
0 7 5.10575 0
0 8 4.97004 0
0 9 5.06118 0
0 10 4.97594 0
0 11 5.02113 0
0 12 4.94257 0
0 13 5.04896 0
0 14 4.94558 0
0 15 5.02735 0
0 16 4.97173 0
0 17 4.94781 0
0 18 4.99623 0
0 19 4.94766 0
0 20 4.9455 0
0 21 4.94505 0
0 22 4.96054 0
0 23 5.00166 0
0 24 4.94341 0
0 25 4.95206 0
0 26 4.94064 0
0 27 4.95888 0
0 28 5.02742 0
0 29 5.00237 0
0 30 4.94371 0
0 31 4.9899 0
1 0 5.26919 0
1 1 4.99911 0
1 2 5.2131 0
1 3 4.97099 0
1 4 5.23285 0
1 5 4.94521 0
1 6 5.16233 0
1 7 4.95915 0
1 8 5.12283 0
1 9 4.90534 0
1 10 5.13102 0
1 11 4.886 0
1 12 5.09309 0
1 13 4.86907 0
1 14 5.09984 0
1 15 4.9278 0
1 16 5.1046 0
1 17 4.88901 0
1 18 5.13414 0
1 19 4.84439 0
1 20 5.11682 0
1 21 4.88358 0
1 22 5.08694 0
1 23 4.91477 0
1 24 5.16592 0
1 25 4.88929 0
1 26 5.14873 0
1 27 4.91157 0
1 28 5.16657 0
1 29 4.91955 0
1 30 5.18855 0
1 31 4.91015 0
2 0 5.33839 0
2 1 5.23228 0
2 2 5.34933 0
2 3 5.14459 0
2 4 5.28477 0
2 5 5.13023 0
2 6 5.26821 0
2 7 5.10935 0
2 8 5.23051 0
2 9 5.17149 0
2 10 5.20813 0
2 11 5.08436 0
2 12 5.13857 0
2 13 5.1135 0
2 14 5.23752 0
2 15 5.07668 0
2 16 5.18819 0
2 17 5.03999 0
2 18 5.18027 0
2 19 4.98738 0
2 20 5.15929 0
2 21 5.029 0
2 22 5.22009 0
2 23 5.05127 0
2 24 5.18272 0
2 25 4.9888 0
2 26 5.23147 0
2 27 5.07104 0
2 28 5.25506 0
2 29 5.08804 0
2 30 5.26369 0
2 31 5.05435 0
3 0 5.24404 0
3 1 5.08205 0
3 2 5.13009 0
3 3 5.11373 0
3 4 5.19189 0
3 5 5.03976 0
3 6 5.12358 0
3 7 4.9869 0
3 8 5.06664 0
3 9 4.94986 0
3 10 5.05433 0
3 11 4.95827 0
3 12 5.0096 0
3 13 4.8868 0
3 14 5.17417 0
3 15 4.95012 0
3 16 5.10377 0
3 17 4.93065 0
3 19 4.97694 0
3 20 5.08607 0
3 21 4.9422 0
3 22 5.17102 0
3 23 4.98342 0
3 24 5.17745 0
3 25 5.03199 0
3 26 5.23534 0
3 27 5.0489 0
3 28 5.12667 0
3 29 4.952 0
3 30 5.11446 0
3 31 5.03523 0
