0 0 5.14487 0
0 1 5.12384 0
0 2 5.08496 0
1 0 5.22895 0
1 1 5.20819 0
1 2 5.19332 0
1 3 5.13194 0
1 4 5.20544 0
1 5 5.11205 0
1 6 5.23058 0
1 7 4.98693 0
1 8 5.28067 0
1 9 5.184 0
1 11 5.06189 0
1 13 4.99617 0
1 15 5.09077 0
1 17 4.92635 0
1 19 5.05477 0
1 21 4.92203 0
1 22 8.79946 0
1 23 4.94036 0
1 25 5.10606 0
1 27 4.98086 0
1 29 5.1255 0
1 31 5.04011 0
2 0 5.09866 0
2 1 5.27327 0
2 2 5.02646 0
2 3 5.26301 0
2 4 5.02849 0
2 5 5.21873 0
2 6 4.9881 0
2 7 5.16378 0
2 8 4.96312 0
2 9 5.16394 0
2 10 4.91701 0
2 11 5.10215 0
2 13 5.09213 0
2 14 4.92538 0
2 15 5.1476 0
2 17 5.10255 0
2 19 5.08359 0
2 21 5.07007 0
2 22 5.04811 0
2 23 5.08813 0
2 25 5.09374 0
2 27 5.09152 0
2 28 4.94245 0
2 29 5.12153 0
2 31 5.11966 0
3 0 5.1568 0
3 1 5.34874 0
3 2 5.1282 0
3 3 5.34906 0
3 4 5.10725 0
3 5 5.40287 0
3 6 5.08958 0
3 7 5.24664 0
3 9 5.2143 0
3 10 5.16223 0
3 11 5.20816 0
3 13 5.17473 0
3 14 5.06884 0
3 15 5.19515 0
3 16 5.05165 0
3 17 5.15931 0
3 19 5.14437 0
3 21 5.15839 0
3 22 5.14239 0
3 23 5.15349 0
3 25 5.13846 0
3 27 5.19174 0
3 29 5.20662 0
3 31 5.20553 0
